acoustic	1000	42.483	82	0
afrobeat	1000	24.399	75	0
alt-rock	1000	33.943	93	0
alternative	1000	24.337	93	0
ambient	1000	44.191	84	0
anime	1000	48.772	83	0
black-metal	1000	22.449	58	0
bluegrass	1000	25.676	69	0
blues	1000	31.188	84	0
brazil	1000	44.67	82	0
breakbeat	1000	20.123	66	0
british	1000	43.802	87	0
cantopop	1000	34.739	72	0
chicago-house	1000	12.339	78	0
children	1000	35.047	77	0
chill	1000	53.651	93	0
classical	1000	13.055	79	0
club	1000	33.338	85	0
comedy	1000	24.628	75	19
country	1000	17.028	89	0
dance	1000	22.69	100	0
dancehall	1000	33.467	83	0
death-metal	1000	32.169	73	0
deep-house	1000	44.808	90	0
detroit-techno	1000	11.174	58	0
disco	1000	33.522	83	0
disney	1000	27.536	72	0
drum-and-bass	1000	26.657	69	0
dub	1000	40.039	73	0
dubstep	1000	42.317	73	0
edm	1000	35.032	98	0
electro	1000	36.075	89	0
electronic	1000	44.325	84	0
emo	1000	48.128	87	0
folk	1000	38.006	90	0
forro	1000	41.826	62	36
french	1000	41.067	79	0
funk	1000	32.322	89	0
garage	1000	40.933	92	0
german	1000	26.751	84	0
gospel	1000	41.639	63	0
goth	1000	28.913	67	0
grindcore	1000	14.625	46	0
groove	1000	37.825	90	0
grunge	1000	49.594	85	0
guitar	1000	29.526	71	0
happy	1000	21.716	65	0
hard-rock	1000	42.775	88	0
hardcore	1000	36.105	80	0
hardstyle	1000	26.623	70	0
heavy-metal	1000	26.226	62	0
hip-hop	1000	37.759	99	0
honky-tonk	1000	16.355	56	9
house	1000	34.156	90	0
idm	1000	15.766	70	0
indian	1000	49.539	88	0
indie	1000	38.895	92	0
indie-pop	1000	40.657	88	0
industrial	1000	31.041	77	0
iranian	1000	2.21	33	0
j-dance	1000	26.656	77	0
j-idol	1000	24.707	65	0
j-pop	1000	41.143	85	0
j-rock	1000	40.664	77	0
jazz	1000	13.628	83	0
k-pop	1000	56.896	88	0
kids	1000	14.888	63	0
latin	1000	8.297	98	0
latino	1000	25.656	98	0
malay	1000	30.358	72	0
mandopop	1000	45.025	71	0
metal	1000	43.705	88	0
metalcore	1000	43.477	81	0
minimal-techno	1000	34.022	68	0
mpb	1000	40.792	66	0
new-age	1000	29.065	71	0
opera	1000	24.621	67	0
pagode	1000	44.298	84	0
party	1000	20.982	74	0
piano	1000	45.273	96	0
pop	1000	47.576	100	0
pop-film	1000	59.283	80	0
power-pop	1000	26.898	81	0
progressive-house	1000	46.615	89	0
psych-rock	1000	42.778	82	0
punk	1000	38.291	86	0
punk-rock	1000	38.236	82	0
r-n-b	1000	36.687	90	0
reggae	1000	20.63	98	0
reggaeton	1000	23.858	98	0
rock	1000	19.001	96	0
rock-n-roll	1000	34.434	80	0
rockabilly	1000	31.5	80	0
romance	1000	3.245	35	0
sad	1000	52.379	83	0
salsa	1000	28.066	77	0
samba	1000	38.826	68	0
sertanejo	1000	47.866	63	0
show-tunes	1000	31.246	75	0
singer-songwriter	1000	37.813	90	0
ska	1000	35.126	81	0
sleep	1000	35.071	85	0
songwriter	1000	37.813	90	0
soul	1000	19.795	88	0
spanish	1000	37.922	89	0
study	1000	26.108	55	0
swedish	1000	37.175	83	0
synth-pop	1000	36.576	87	0
tango	1000	19.871	46	0
techno	1000	39.042	85	0
trance	1000	37.635	86	0
trip-hop	1000	34.46	71	0
turkish	1000	40.698	77	0
world-music	1000	41.873	70	0
